T=[0 0 0;0 0 -2;0 -2 0];

pattern = [-1;-0.5;0.9];